    2 0.501127 0.168962    15.4344   -93.4514         22
    2 0.478655 2.30248    14.9655   -21.1435         22
    2 0.191996 0.539187    113.975    127.446         22
    2 0.155479 0.615254    158.179    37.0537         22
    2 0.124102 0.392484    87.4771   -18.5288         22
    2 0.115123 0.00314615    55.2483    9.74798         11
    2 0.0313774 0.000351845    145.485    133.902         11
    2 0.0365165 0.000455384    70.2851    145.641         11
    2 0.286659 0.0132766     28.071   -39.6388         11
    2 0.0224722 0.000199781    82.2595   -144.321         11
    2 0.400637 0.103918    13.7766    -98.897         22
    2 0.357753 0.842924    45.6857   -107.187         22
    2 0.203604 0.0977884    65.4214    127.946         22
    2 0.192037 0.302911    33.6678    123.538         22
    2 0.133574 0.377089    98.4613    29.1245         22
    2 0.121217 0.467903    65.8782   -12.9439         22
    2 0.112238 0.0030175    86.2325    11.0783         11
    2 0.012357 7.34583e-05    127.736    85.1274         11
    2 0.0584636 0.001013    44.4291    172.017         11
    2 0.0115671 6.58778e-05    133.409    133.859         11
    2 0.154148 0.00505723    67.1658    -84.411         11
    2 0.0428844 0.000598587    49.3582     67.947         11
    2 0.371758 1.1888     141.42   -101.612         22
    2 0.291342 0.0285149    159.437    137.838         22
    2 0.273943 1.19343    135.408    163.727         22
    2 0.159152 0.706328    69.7744   -97.6104         22
    2 0.150173 0.00484913    121.737   -108.229         11
    2 0.114791 0.00313125    133.817    129.227         11
    2 0.0173993 0.000129862    125.293    7.74744         11
    2 0.0804155 0.00173365    93.4351   -84.3635         11
    3 0.110527 0.0916347    147.284   -85.5206         22
    3 0.101548 0.0025578    111.903   -143.191         11
    5 0.343392 1.84134    155.239   -92.8724         22
    5 0.211507 0.401382    102.973    158.295         22
    5 0.199288 0.495791    77.5917    177.249         22
    5 0.119489 0.305945    144.687   -20.6995         22
    5 0.0931806 0.02068    79.0704    74.6307         22
    5 0.0708056 0.035143    122.081   -64.8329         22
    5 0.0618266 0.00111355    122.059   -119.076         11
    5 0.022375 0.000198322    68.8026    90.5082         11
    5 0.0263088 0.000260882    133.908   -70.2846         11
    5 0.0797991 0.00171144    61.7545    172.575         11
    5 0.0122181 7.20998e-05    143.449    87.5059         11
    5 0.131886 0.0039297    132.658    -50.031         11
    5 1.39469 3.58554    13.5419   -100.101         22
    5 0.402733 0.304506    71.8497    57.2115         22
    5 0.243782 0.141523    96.3262     134.55         22
    5 0.234803 0.0098058    46.4586    126.294         11
    5 0.158952 0.00531241    69.4171    21.5603         11
    5 0.991955 0.0605551    29.4768   -112.354         11
    5 0.355305 0.0182289    68.8676   -45.9159         11
    5 0.111565 0.150015    71.7501    -30.384         22
    5 0.0882677 0.0868215    42.8832    102.329         22
    5 0.0720946 0.00872707    105.667    -158.82         22
    5 0.0631156 0.00115308    69.7627    173.265         11
    5 0.0161731 0.000114905    49.5043    58.2164         11
    5 0.0232973 0.000212339    100.986   -47.1282         11
    5 3.35075 1.48767     15.029   -84.5831         22
    5 1.06821 1.90763    62.4936   -77.1889         22
    5 0.288748 0.0823051    62.1198     152.49         22
    5 0.161964 0.194931    137.015    58.3773         22
    5 0.152985 0.00499606     106.73    6.10271         11
    5 0.126784 0.00368491    48.3742    175.202         11
    5 0.77946 0.053193    72.3988   -67.2682         11
    5 2.28254 0.154025    2.94179    155.309         11
    5 0.560277 0.0345143    152.028    56.7431         11
    6 0.587945 1.00378    150.466   -98.6971         22
    6 0.510337 2.03385    120.857   -93.7393         22
    6 0.321031 0.582054    144.283   -2.95428         22
    6 0.307302 0.487882    130.021   -27.4663         22
    6 0.216041 0.701112    57.8611   -36.9105         22
    6 0.1353 0.297979    61.4613    116.578         22
    6 0.0895445 0.391582    106.971   -43.5901         22
    6 0.0805655 0.00173908    79.1175   -17.0702         11
    6 0.0457553 0.000668308    65.7517    124.868         11
    6 0.0807413 0.00174544    80.2975   -47.3028         11
    6 0.0912612 0.00214186    168.683    1.21138         11
    6 0.0137289 8.74524e-05     121.91    102.347         11
    6 0.189305 0.00701284    90.1314   -116.777         11
    6 0.077608 0.00163335    148.773    95.7802         11
    7 0.129069 0.127709    133.812    -94.474         22
    7 0.113185 0.329409     117.31   -15.8766         22
    7 0.0795213 0.383094    77.1537    143.205         22
    7 0.0705423 0.00139117    103.399   -153.748         11
    7 0.0336636 0.000396536     111.67   -24.9677         11
    7 0.0158841 0.000111494    106.946   -147.859         11
